Time	S	E	I	P	ES	EI	k_es	k_ei	k_res	k_rei	k_cat	k_Igen	k_Pinh	k_Ideg	k_Pdeg	k_Sdeg	k_Sinp	ProS
0	10.0	0.0	20.0	0.0	0.0	1.0	1	1	1	1	0.1	10	10	1	0.1	1	1	0.1
1	3.6550300000000004	0.054437400000000004	13.5446	0.00885121	0.145945	0.799618	1	1	1	1	0.1	10	10	1	0.1	1	1	0.1
2	1.4093	0.0774125	10.4082	0.021971200000000003	0.13508399999999998	0.787503	1	1	1	1	0.1	10	10	1	0.1	1	1	0.1
3	0.6026189999999999	0.0957865	8.77417	0.030623700000000004	0.091099	0.813114	1	1	1	1	0.1	10	10	1	0.1	1	1	0.1
4	0.302356	0.10763900000000001	7.95828	0.0345375	0.055393	0.836968	1	1	1	1	0.1	10	10	1	0.1	1	1	0.1
5	0.184926	0.11384100000000001	7.59355	0.0353699	0.033620599999999994	0.8525379999999999	1	1	1	1	0.1	10	10	1	0.1	1	1	0.1
6	0.136594	0.116301	7.470460000000001	0.034576199999999994	0.0219128	0.8617870000000001	1	1	1	1	0.1	10	10	1	0.1	1	1	0.1
7	0.115846	0.116664	7.47195	0.0330522	0.0159936	0.8673420000000001	1	1	1	1	0.1	10	10	1	0.1	1	1	0.1
8	0.106677	0.11598800000000001	7.53454	0.0312714	0.013073500000000002	0.8709379999999999	1	1	1	1	0.1	10	10	1	0.1	1	1	0.1
9	0.10255299999999999	0.11485899999999999	7.62472	0.0294617	0.011626000000000001	0.8735149999999999	1	1	1	1	0.1	10	10	1	0.1	1	1	0.1
10	0.10067999999999999	0.113574	7.725210000000001	0.027724799999999997	0.0108825	0.8755430000000001	1	1	1	1	0.1	10	10	1	0.1	1	1	0.1
11	0.0998263	0.112278	7.82733	0.026100400000000003	0.0104725	0.877249	1	1	1	1	0.1	10	10	1	0.1	1	1	0.1
12	0.0994369	0.111035	7.926830000000001	0.024600200000000003	0.010221700000000002	0.8787440000000001	1	1	1	1	0.1	10	10	1	0.1	1	1	0.1
13	0.09925969999999999	0.10987000000000001	8.02177	0.0232232	0.010048999999999999	0.880081	1	1	1	1	0.1	10	10	1	0.1	1	1	0.1
14	0.09917949999999999	0.10879200000000001	8.11132	0.021962799999999998	0.00991692	0.8812909999999999	1	1	1	1	0.1	10	10	1	0.1	1	1	0.1
15	0.09914339999999999	0.1078	8.19524	0.0208111	0.00980776	0.882393	1	1	1	1	0.1	10	10	1	0.1	1	1	0.1
16	0.09912760000000001	0.10689000000000001	8.27355	0.0197593	0.00971322	0.883397	1	1	1	1	0.1	10	10	1	0.1	1	1	0.1
17	0.0991209	0.106056	8.34644	0.018799200000000002	0.00962914	0.884315	1	1	1	1	0.1	10	10	1	0.1	1	1	0.1
18	0.09911829999999999	0.105294	8.41414	0.0179228	0.00955333	0.8851530000000001	1	1	1	1	0.1	10	10	1	0.1	1	1	0.1
19	0.0991175	0.10459600000000001	8.47691	0.0171229	0.0094845	0.885919	1	1	1	1	0.1	10	10	1	0.1	1	1	0.1
20	0.0991175	0.103959	8.53503	0.016393	0.0094218	0.8866200000000001	1	1	1	1	0.1	10	10	1	0.1	1	1	0.1
21	0.0991178	0.103376	8.58878	0.0157268	0.00936458	0.88726	1	1	1	1	0.1	10	10	1	0.1	1	1	0.1
22	0.0991182	0.102843	8.63843	0.0151187	0.00931232	0.8878450000000001	1	1	1	1	0.1	10	10	1	0.1	1	1	0.1
23	0.0991187	0.10235599999999999	8.68425	0.0145638	0.00926459	0.8883790000000001	1	1	1	1	0.1	10	10	1	0.1	1	1	0.1
24	0.0991191	0.101912	8.7265	0.014057399999999998	0.00922098	0.888867	1	1	1	1	0.1	10	10	1	0.1	1	1	0.1
25	0.0991196	0.101506	8.765419999999999	0.0135952	0.00918114	0.8893129999999999	1	1	1	1	0.1	10	10	1	0.1	1	1	0.1
26	0.0991199	0.101134	8.80125	0.0131734	0.00914474	0.8897209999999999	1	1	1	1	0.1	10	10	1	0.1	1	1	0.1
27	0.0991203	0.10079500000000001	8.83421	0.0127884	0.00911149	0.890093	1	1	1	1	0.1	10	10	1	0.1	1	1	0.1
28	0.0991206	0.100486	8.864510000000001	0.012437	0.00908112	0.890433	1	1	1	1	0.1	10	10	1	0.1	1	1	0.1
29	0.0991209	0.100203	8.89235	0.0121163	0.00905338	0.8907440000000001	1	1	1	1	0.1	10	10	1	0.1	1	1	0.1
30	0.09912119999999999	0.0999448	8.917910000000001	0.0118236	0.00902804	0.891027	1	1	1	1	0.1	10	10	1	0.1	1	1	0.1
31	0.0991214	0.09970889999999999	8.94137	0.0115564	0.0090049	0.891286	1	1	1	1	0.1	10	10	1	0.1	1	1	0.1
32	0.0991216	0.0994935	8.96289	0.0113125	0.00898377	0.891523	1	1	1	1	0.1	10	10	1	0.1	1	1	0.1
33	0.09912180000000001	0.0992968	8.982619999999999	0.011090000000000001	0.00896447	0.891739	1	1	1	1	0.1	10	10	1	0.1	1	1	0.1
34	0.099122	0.0991172	9.00071	0.0108868	0.00894684	0.8919360000000001	1	1	1	1	0.1	10	10	1	0.1	1	1	0.1
35	0.0991221	0.09895319999999999	9.01728	0.0107014	0.00893075	0.892116	1	1	1	1	0.1	10	10	1	0.1	1	1	0.1
36	0.09912230000000001	0.0988034	9.03246	0.0105322	0.00891605	0.892281	1	1	1	1	0.1	10	10	1	0.1	1	1	0.1
37	0.0991224	0.0986667	9.04636	0.0103777	0.00890263	0.892431	1	1	1	1	0.1	10	10	1	0.1	1	1	0.1
38	0.0991225	0.0985418	9.05908	0.010236799999999999	0.00889038	0.892568	1	1	1	1	0.1	10	10	1	0.1	1	1	0.1
39	0.0991227	0.0984279	9.070730000000001	0.0101081	0.0088792	0.8926930000000001	1	1	1	1	0.1	10	10	1	0.1	1	1	0.1
40	0.09912280000000001	0.0983238	9.081380000000001	0.00999065	0.00886898	0.892807	1	1	1	1	0.1	10	10	1	0.1	1	1	0.1
41	0.09912289999999999	0.0982288	9.09113	0.00988345	0.00885966	0.892912	1	1	1	1	0.1	10	10	1	0.1	1	1	0.1
42	0.09912289999999999	0.09814210000000001	9.10005	0.00978561	0.00885115	0.893007	1	1	1	1	0.1	10	10	1	0.1	1	1	0.1
43	0.099123	0.0980629	9.1082	0.00969631	0.00884338	0.893094	1	1	1	1	0.1	10	10	1	0.1	1	1	0.1
44	0.0991231	0.09799060000000001	9.11566	0.00961479	0.00883628	0.893173	1	1	1	1	0.1	10	10	1	0.1	1	1	0.1
45	0.0991232	0.09792469999999999	9.12247	0.00954039	0.00882981	0.8932450000000001	1	1	1	1	0.1	10	10	1	0.1	1	1	0.1
46	12.492	0.0462033	9.05007	0.021379699999999998	0.27860300000000005	0.675193	1	1	1	1	0.1	10	10	1	0.1	1	1	20.0
47	17.0869	0.0403023	7.9705699999999995	0.056837	0.486245	0.47345299999999996	1	1	1	1	0.1	10	10	1	0.1	1	1	20.0
48	18.8205	0.0403105	6.4648699999999995	0.103958	0.605645	0.354044	1	1	1	1	0.1	10	10	1	0.1	1	1	20.0
49	19.4787	0.0416352	5.1395800000000005	0.155594	0.6811560000000001	0.27720900000000004	1	1	1	1	0.1	10	10	1	0.1	1	1	20.0
50	19.7311	0.043102999999999995	4.138	0.208269	0.733273	0.223624	1	1	1	1	0.1	10	10	1	0.1	1	1	20.0
51	19.8302	0.0443744	3.41675	0.260142	0.770854	0.184771	1	1	1	1	0.1	10	10	1	0.1	1	1	20.0
52	19.8707	0.04539	2.89995	0.310143	0.798447	0.15616300000000002	1	1	1	1	0.1	10	10	1	0.1	1	1	20.0
53	19.8885	0.0461794	2.52447	0.357649	0.818918	0.134903	1	1	1	1	0.1	10	10	1	0.1	1	1	20.0
54	19.8972	0.0467913	2.24579	0.40232199999999996	0.8342719999999999	0.11893599999999999	1	1	1	1	0.1	10	10	1	0.1	1	1	20.0
55	19.9018	0.047269599999999995	2.03415	0.444017	0.8459479999999999	0.10678199999999999	1	1	1	1	0.1	10	10	1	0.1	1	1	20.0
56	7.38525	0.09865030000000001	1.8488099999999998	0.47953500000000004	0.772358	0.128992	1	1	1	1	0.1	10	10	1	0.1	1	1	0.1
57	2.83714	0.176707	1.6956799999999999	0.500397	0.618065	0.205227	1	1	1	1	0.1	10	10	1	0.1	1	1	0.1
58	1.1892200000000002	0.25637600000000005	1.60656	0.5027699999999999	0.4363	0.307323	1	1	1	1	0.1	10	10	1	0.1	1	1	0.1
59	0.574364	0.312116	1.59059	0.488612	0.281785	0.406099	1	1	1	1	0.1	10	10	1	0.1	1	1	0.1
60	0.325432	0.338692	1.63629	0.46341899999999997	0.175699	0.485609	1	1	1	1	0.1	10	10	1	0.1	1	1	0.1
61	0.213452	0.344558	1.7243	0.432641	0.11109000000000001	0.5443520000000001	1	1	1	1	0.1	10	10	1	0.1	1	1	0.1
62	0.1586	0.33905100000000005	1.8389099999999998	0.400077	0.07392889999999999	0.58702	1	1	1	1	0.1	10	10	1	0.1	1	1	0.1
63	0.130342	0.328164	1.97071	0.36793200000000004	0.0529832	0.618853	1	1	1	1	0.1	10	10	1	0.1	1	1	0.1
64	0.11543900000000001	0.31506100000000004	2.1148	0.337335	0.0411276	0.6438119999999999	1	1	1	1	0.1	10	10	1	0.1	1	1	0.1
65	0.107521	0.30129	2.26876	0.308785	0.0342412	0.664469	1	1	1	1	0.1	10	10	1	0.1	1	1	0.1
66	0.103323	0.28759	2.43133	0.282441	0.0300404	0.682369	1	1	1	1	0.1	10	10	1	0.1	1	1	0.1
67	0.101116	0.274311	2.60173	0.25828	0.0272885	0.6984	1	1	1	1	0.1	10	10	1	0.1	1	1	0.1
68	0.09997260000000001	0.261619	2.7793400000000004	0.23619899999999996	0.025325	0.713056	1	1	1	1	0.1	10	10	1	0.1	1	1	0.1
69	0.0993932	0.249588	2.96358	0.21605500000000002	0.0238012	0.726611	1	1	1	1	0.1	10	10	1	0.1	1	1	0.1
70	0.09911060000000001	0.23824499999999998	3.15386	0.197697	0.0225343	0.73922	1	1	1	1	0.1	10	10	1	0.1	1	1	0.1
71	0.0989818	0.227593	3.34954	0.180974	0.021428700000000002	0.7509779999999999	1	1	1	1	0.1	10	10	1	0.1	1	1	0.1
72	0.0989315	0.217619	3.5499400000000003	0.165742	0.0204345	0.761946	1	1	1	1	0.1	10	10	1	0.1	1	1	0.1
73	0.09891989999999999	0.20830300000000002	3.75432	0.15187	0.0195252	0.772171	1	1	1	1	0.1	10	10	1	0.1	1	1	0.1
74	0.0989266	0.19962	3.96191	0.139234	0.0186862	0.781694	1	1	1	1	0.1	10	10	1	0.1	1	1	0.1
75	0.0989411	0.19154100000000002	4.171869999999999	0.127724	0.017908900000000002	0.79055	1	1	1	1	0.1	10	10	1	0.1	1	1	0.1
76	0.09895830000000001	0.18403699999999998	4.38336	0.11723800000000001	0.0171877	0.798776	1	1	1	1	0.1	10	10	1	0.1	1	1	0.1
77	0.0989755	0.177076	4.59549	0.10768399999999999	0.016518599999999998	0.8064060000000001	1	1	1	1	0.1	10	10	1	0.1	1	1	0.1
78	0.0989918	0.170628	4.80739	0.0989784	0.0158981	0.813474	1	1	1	1	0.1	10	10	1	0.1	1	1	0.1
79	0.0990066	0.164662	5.01817	0.091044	0.0153233	0.8200149999999999	1	1	1	1	0.1	10	10	1	0.1	1	1	0.1
80	0.0990199	0.159149	5.22698	0.08381210000000001	0.014791299999999999	0.82606	1	1	1	1	0.1	10	10	1	0.1	1	1	0.1
81	0.0990316	0.154059	5.433	0.0772197	0.0142994	0.831642	1	1	1	1	0.1	10	10	1	0.1	1	1	0.1
82	0.09904199999999999	0.149364	5.63544	0.0712098	0.013845099999999999	0.836791	1	1	1	1	0.1	10	10	1	0.1	1	1	0.1
83	0.09905119999999999	0.145038	5.83358	0.0657302	0.013425999999999999	0.8415360000000001	1	1	1	1	0.1	10	10	1	0.1	1	1	0.1
84	0.0990593	0.14105399999999998	6.02677	0.060733800000000004	0.013039600000000002	0.845907	1	1	1	1	0.1	10	10	1	0.1	1	1	0.1
85	0.0990664	0.137388	6.21441	0.056177599999999994	0.0126836	0.849929	1	1	1	1	0.1	10	10	1	0.1	1	1	0.1
86	0.0990727	0.134017	6.3960099999999995	0.0520225	0.012356	0.853627	1	1	1	1	0.1	10	10	1	0.1	1	1	0.1
87	0.09907819999999999	0.130919	6.57112	0.0482329	0.0120546	0.8570270000000001	1	1	1	1	0.1	10	10	1	0.1	1	1	0.1
88	0.09908310000000001	0.128073	6.73942	0.0447765	0.011777600000000001	0.8601489999999999	1	1	1	1	0.1	10	10	1	0.1	1	1	0.1
89	0.09908739999999999	0.125461	6.9006300000000005	0.0416237	0.011523100000000001	0.863016	1	1	1	1	0.1	10	10	1	0.1	1	1	0.1
90	0.09909119999999999	0.123064	7.05456	0.0387478	0.0112895	0.8656459999999999	1	1	1	1	0.1	10	10	1	0.1	1	1	0.1
91	0.0990946	0.12086600000000002	7.2011	0.036124199999999995	0.011075	0.868059	1	1	1	1	0.1	10	10	1	0.1	1	1	0.1
92	0.09909760000000001	0.118851	7.3402	0.033730800000000005	0.010878299999999999	0.8702709999999999	1	1	1	1	0.1	10	10	1	0.1	1	1	0.1
93	0.0991003	0.117004	7.471889999999999	0.0315472	0.0106979	0.8722979999999999	1	1	1	1	0.1	10	10	1	0.1	1	1	0.1
94	0.09910269999999999	0.115311	7.596239999999999	0.029555	0.010532600000000001	0.8741559999999999	1	1	1	1	0.1	10	10	1	0.1	1	1	0.1
95	0.0991048	0.11376199999999999	7.713369999999999	0.027737400000000002	0.0103811	0.875857	1	1	1	1	0.1	10	10	1	0.1	1	1	0.1
96	0.0991067	0.11234300000000001	7.82344	0.0260789	0.010242399999999999	0.877415	1	1	1	1	0.1	10	10	1	0.1	1	1	0.1
97	0.0991084	0.111044	7.926660000000001	0.024565599999999996	0.010115299999999999	0.878841	1	1	1	1	0.1	10	10	1	0.1	1	1	0.1
98	0.09910989999999999	0.109855	8.02327	0.023184700000000003	0.00999903	0.8801459999999999	1	1	1	1	0.1	10	10	1	0.1	1	1	0.1
99	0.0991113	0.108767	8.1135	0.021924700000000002	0.00989258	0.88134	1	1	1	1	0.1	10	10	1	0.1	1	1	0.1
100	0.0991125	0.107772	8.19764	0.020775	0.00979518	0.882433	1	1	1	1	0.1	10	10	1	0.1	1	1	0.1
